,0,1,2,3,4,5,6,7,8,9,10,11,12,13
0,0,78,88,79,84,77,80,79,81,80,80,68,74,71
1,78,0,36,33,37,19,23,23,26,6,25,64,76,74
2,88,36,0,16,7,37,38,37,41,37,39,72,84,79
3,79,33,16,0,16,33,34,32,37,32,35,70,81,80
4,84,37,7,16,0,39,36,33,40,38,37,69,80,79
5,77,19,37,33,39,0,25,26,22,20,25,67,75,79
6,80,23,38,34,36,25,0,7,9,27,3,69,81,79
7,79,23,37,32,33,26,7,0,12,26,8,66,81,76
8,81,26,41,37,40,22,9,12,0,27,11,70,81,81
9,80,6,37,32,38,20,27,26,27,0,29,65,78,76
10,80,25,39,35,37,25,3,8,11,29,0,70,81,79
11,68,64,72,70,69,67,69,66,70,65,70,0,71,63
12,74,76,84,81,80,75,81,81,81,78,81,71,0,71
13,71,74,79,80,79,79,79,76,81,76,79,63,71,0
