,0,1,2,3,4,5
0,0,143,293,180,277,1311
1,143,0,150,323,134,1168
2,293,150,0,473,65,1073
3,180,323,473,0,457,1335
4,277,134,65,457,0,1138
5,1311,1168,1073,1335,1138,0
